motor_speed = [39.760748 39.760748 40.067544 40.067544 40.067544 40.067544 39.760748 40.067544 39.760748 40.067544 40.067544 40.067544 40.067544 40.067544 40.067544 39.760748 40.067544 40.067544 40.067544 40.374340 40.067544 39.760748 39.760748 39.760748 40.067544 40.067544 40.374340 40.067544 40.067544 40.374340 40.067544 39.760748 40.067544 40.374340 40.374340 40.067544 40.067544 40.374340 40.067544 39.760748 40.067544 40.374340 40.374340 40.067544 40.374340 40.067544 40.067544 40.067544 40.067544 40.374340 40.374340 40.067544 40.067544 40.067544 40.067544 40.067544 40.067544 40.067544 40.374340 40.067544 40.067544 40.067544 40.067544 40.067544 40.374340 40.067544 40.374340 40.067544 40.067544 40.067544 39.760748 39.760748 40.374340 40.374340 40.067544 40.067544 40.067544 40.067544 39.760748 40.067544 40.374340 40.374340 40.067544 40.067544 40.067544 39.760748 39.760748 40.374340 40.067544 40.067544 40.067544 40.067544 40.067544 39.760748 39.760748 40.374340 40.067544 40.067544 40.067544 39.760748 39.760748 39.760748 40.067544 40.067544 40.067544 40.067544 39.760748 40.067544 40.067544 39.760748 39.760748 40.067544 40.067544 40.067544 39.760748 39.760748 39.760748 39.760748 40.067544 40.067544 40.067544 40.067544 40.067544 39.760748 40.067544 39.453953 40.067544 40.067544 40.067544 39.760748 40.067544 39.760748 39.760748 39.760748 40.067544 40.067544 40.067544 40.067544 39.760748 40.067544 39.760748 39.760748 40.374340 40.067544 39.760748 40.067544 40.067544 39.760748 39.760748 40.067544 40.067544 40.067544 40.067544 40.067544 39.760748 40.067544 39.760748 40.067544 40.067544 40.067544 39.760748 40.067544 40.067544 39.760748 39.760748 40.067544 40.374340 39.760748 40.067544 40.067544 39.760748 39.760748 39.760748 40.067544 40.067544 40.067544 40.067544 40.067544 39.760748 39.760748 40.067544 40.067544 40.067544 40.067544 40.067544 40.067544 39.760748 39.760748 40.067544 40.067544 40.067544 40.067544 40.067544 40.067544 39.760748 39.760748 40.067544 40.374340 40.067544 39.760748 40.067544 40.067544 39.760748 40.067544 40.067544 40.067544 40.067544 40.067544 40.067544 39.760748 39.760748 39.760748 40.374340 40.067544 40.067544 40.067544 40.067544 39.760748 40.067544 39.760748 40.374340 40.067544 40.067544 40.067544 40.067544 40.067544 39.760748 40.067544 40.067544 40.067544 40.067544 40.067544 40.067544 40.067544 39.760748 40.067544 40.067544 40.067544 40.067544 40.067544 40.067544 39.760748 40.067544 40.067544 40.067544 40.067544 40.067544 40.067544 40.067544 39.760748 39.760748 40.374340 40.067544 39.760748 39.760748 40.067544 40.067544 39.760748 40.067544 40.067544 40.067544 40.067544 40.067544 40.067544 39.760748 39.760748 40.067544 40.067544 40.067544 40.067544 40.067544 40.067544 39.760748 39.760748 40.067544 40.374340 39.760748 40.067544 40.067544 40.067544 39.760748 39.760748 40.374340 40.067544 39.760748 40.067544 40.067544 40.067544 39.760748 39.760748 40.374340 40.067544 39.760748 40.067544 40.067544 39.760748 39.760748 39.760748 40.374340 40.067544 39.760748 40.067544 40.067544 40.067544 39.760748 40.067544 40.067544 40.067544 40.067544 40.067544 39.760748 39.760748 39.760748 40.067544 40.374340 40.067544 39.760748 40.067544 40.067544 39.760748 40.067544 40.067544 40.374340 39.760748 40.067544 40.067544 40.067544 39.760748 40.067544 40.067544 40.067544 39.760748 40.067544 40.067544 40.067544 39.760748 40.067544 40.374340 40.067544 40.067544 40.067544 40.067544 39.760748 39.760748 40.374340 40.067544 40.067544 40.067544 40.067544 40.067544 39.760748 40.067544 40.067544 40.067544 40.067544 40.067544 40.067544 40.067544 39.760748 40.067544 40.067544 40.067544 40.067544 40.067544 40.067544 39.760748 40.067544 39.760748 40.374340 40.067544 40.067544 40.067544 39.760748 39.760748 39.760748 40.067544 40.067544 39.760748 40.067544 40.067544 40.067544 40.067544 39.760748 40.067544 40.067544 40.067544 40.067544 40.067544 40.067544 39.760748 39.760748 40.374340 40.067544 40.067544 39.760748 40.067544 40.067544 39.760748 40.067544 40.067544 40.067544 40.067544 40.067544 40.067544 39.760748 40.067544 39.760748 40.374340 40.067544 39.760748 40.067544 40.067544 40.067544 39.760748 40.067544 40.067544 40.067544 40.067544 40.067544 39.760748 40.067544 39.760748 40.067544 40.067544 40.067544 40.067544 40.067544 40.067544 39.760748 39.760748 40.374340 40.067544 39.760748 40.067544 40.067544 40.067544 39.760748 39.760748 40.374340 40.067544 39.760748 40.067544 40.067544 40.067544 39.760748 40.067544 40.067544 40.067544 40.067544 39.760748 39.760748 40.067544 39.760748 40.067544 40.067544 40.067544 40.067544 40.067544 39.760748 40.067544 39.760748 40.067544 40.067544 40.067544 40.067544 40.067544 39.760748 40.067544 39.760748 40.067544 40.067544 40.067544 40.067544 40.067544 39.760748 39.760748 40.067544 40.067544 40.067544 40.067544 40.067544 39.760748 40.067544 39.760748 40.067544 40.067544 40.067544 40.067544 40.067544 39.760748 40.067544 39.760748 40.067544 40.067544 40.067544 40.067544 40.067544 39.760748 40.067544 39.760748 40.067544 40.067544 40.067544 40.067544 40.067544 40.067544 39.760748 39.760748 40.067544 40.067544 40.067544 40.067544 39.760748 39.760748 39.760748 40.067544 40.067544 40.067544 40.067544 40.067544 40.067544 40.067544 39.760748 40.067544 40.374340 40.067544 39.760748 40.067544 39.760748 40.067544 39.760748 40.067544 40.067544 40.067544 40.067544 40.067544 40.067544 39.760748 40.067544 40.067544 40.067544 40.067544 40.067544 40.067544 39.760748 40.067544 40.067544 40.067544 40.067544 40.067544 40.067544 40.067544 40.067544 39.760748 40.067544 40.374340 40.067544 40.067544 40.067544 40.067544 39.760748 40.067544 40.067544 40.067544 40.067544 40.067544 40.067544 40.067544 39.760748 40.067544 40.067544 40.067544 40.067544 40.067544 40.067544 39.760748 40.067544 39.760748 40.374340 40.067544 40.067544 39.760748 40.067544 40.067544 40.067544 39.760748 40.067544 40.067544 40.067544 40.067544 40.067544 40.067544 39.760748 40.067544 40.067544 40.067544 40.067544 39.760748 39.760748 40.067544 39.760748 40.067544 40.067544 40.067544 40.067544 40.067544 40.067544 39.760748 40.067544 40.067544 40.067544 40.067544 39.760748 40.067544 40.067544 39.760748 40.067544 40.067544 40.067544 40.067544 40.067544 40.067544 39.760748 40.067544 39.760748 40.067544 40.067544 40.067544 40.067544 40.067544 40.067544 39.760748 39.760748 40.374340 40.067544 39.760748 40.067544 40.067544 40.067544 40.067544 40.067544 40.374340 40.681136 40.374340 40.681136 40.981796 40.681136 40.681136 41.288592 41.288592 41.595388 41.595388 41.595388 41.902184 41.902184 41.902184 42.208980 42.515776 42.515776 42.515776 42.822572 42.515776 42.515776 43.123231 43.430027 43.123231 43.430027 43.430027 43.736823 43.736823 43.736823 44.350415 44.043619 44.350415 44.657211 44.350415 44.657211 44.657211 44.964007 45.264667 45.264667 45.264667 45.264667 45.571463 45.264667 45.878259 45.878259 45.878259 45.878259 45.878259 45.878259 46.185055 46.491850 46.798646 46.798646 46.798646 47.099306 47.099306 47.406102 47.406102 47.406102 47.712898 47.712898 47.712898 47.712898 48.019694 48.019694 48.326490 48.633286 48.326490 48.326490 48.940082 48.940082 49.240742 49.240742 49.240742 49.240742 49.547538 49.854333 49.854333 49.854333 50.161129 49.854333 49.854333 50.467925 50.467925 50.467925 50.467925 50.774721 50.774721 51.382177 51.081517 51.382177 51.382177 51.382177 51.081517 51.688973 51.995769 51.995769 51.995769 51.995769 51.995769 52.609361 52.609361 52.609361 52.916157 52.609361 52.916157 53.216817 53.216817 53.216817 53.216817 53.523612 53.216817 53.830408 53.830408 53.830408 53.830408 53.830408 54.444000 54.444000 54.444000 54.444000 54.444000 54.444000 55.057592 55.057592 54.750796 55.057592 55.057592 55.358252 55.665048 55.665048 55.665048 55.665048 55.358252 55.665048 55.971844 55.971844 56.278640 56.278640 55.971844 56.278640 56.278640 56.585436 56.585436 56.585436 56.585436 56.892231 56.892231 56.892231 56.892231 56.585436 57.199027 57.199027 57.199027 56.892231 56.892231 